1111111111111111111111111111111111111
1111111111111111111111111111111111111
1111111111111111112111111111111111111
1111111111111111100011111111111111111
1110000000000111100011111111111111111
1110000000000111100011111111111111111
1110000000000111100011111111111111111
1110000000000000000000011111111111111
1110000000000000000000011111111111111
1110000000000000000000011111111111111
1110000000000000111100011100000000111
1110000000000000111100011100000000111
1111110000000000111100011100000000111
1111110000000000111100000000000000111
1111110001111111111100000000000000111
1111110001111111111100000000000011111
1111000001111111111100000000000011111
1111030001111111111111100000000011111
1111000001111111111111100000000011111
1111111111111111111111100000000011111
1111111111111111111111111111111111111
