1111111111111111111111111111111111111
1111111111111111111111111111111111111
1111111111111111112111111111111111111
1111111111111111100011111111111111111
1111111111111111100011111111111111111
1111111111111111100011111111111111111
1111111111111111100011111111111111111
1111100000000000000000001111111111111
1111100000000000000000001111111111111
1111100000000000000000001111111111111
1111100000000000000000001111111111111
1111100000000000000000001111111111111
1111100000000000000000000001111111111
1111100000000000000000000001111111111
1111100000000000000000000000000001111
1111111100000000000000000000000301111
1111111100000000000000000000000001111
1111111100000000000000000001111111111
1111111100000000000000000001111111111
1111111111111111111111111111111111111
1111111111111111111111111111111111111
