1111111111111111111111111111111111111
1111111111111111111111111111111111111
1111111111111111112111111111111111111
1111111111111111100011111111111111111
1111111111111111100011111111111111111
1111111111111111100011111111111111111
1100000000011111100000001111111111111
1100000000011111100000001111111111111
1100000000011111100000001111111111111
1100000000000000000000001111111111111
1100000000000000000000001111111111111
1100000000000000000000000000000111111
1100000000000000000010000000000111111
1100000000000000000010000000000111111
1100000000000000000011111111000111111
1111111100000000000011111111000111111
1111111100000000000011111111000000011
1111111100000000000011111111000002011
1111111111111111111111111111000000011
1111111111111111111111111111111111111
1111111111111111111111111111111111111
